2 -1 1 2 3 2 
6 -3 2 4 5 3 
6 -3 4 8 13 9 
4 -2 1 1 2 1 

4 -17 -6 -5 -17 
43 24 -1 3 28 
0 1 2 1 9 
2 1 0 0 1 

3 2 5 4 3 
1 -1 -1 -4 -2 
4 1 4 0 2 

15 -5 8 11 -6 -76 
15 1 7 1 11 -79 
-5 11 5 -9 10 -6 
13 -5 -1 11 3 -27 
15 4 -3 -1 3 -4 

1 1 1 1 1 
0 0 1 1 1 

1 1 1 1 1 
0 0 1 1 1 
0 0 1 1 1 

1 1 1 1 1 
0 0 1 1 1 
0 0 1 1 2 

3 1 5 -2 3 35 
4 3 -7 5 6 54 
-7 5 4 1 -1 -96 
1 4 1 -3 -10 -71 
6 -9 -8 -8 -2 59 

5 -13 13 -5 -10 -14 
5 -7 12 6 6 57 
-8 11 1 -8 -1 101 
-1 5 -9 -7 13 -43 
8 -1 -2 -10 -5 -82 

1 1 1 1 1 
0 0 1 1 1 
0 3 1 1 1 

-8 10 6 2 3 119 
6 -4 -3 -10 -9 -58 
-1 6 6 8 -2 98 
-5 9 7 -9 7 75 
-9 7 6 -2 -2 115 

1 1 2 -6 -3 
1 1 1 -4 0 
1 1 0 -2 -3 

1 1 0 -2 3 
0 0 1 -2 -3 

1 0 1 1 1 5 3 
1 1 0 0 3 1 4 
1 0 0 0 4 2 2 

0 0 1 2 3 1 
1 1 4 5 2 2 
0 0 7 1 3 3 